dados <- 33
dados
dado = 33
dados
dados=c(33,24,88,70,98,60)
dados
