data <- 33
data
data = 33
data
data=c(33,24,88,70,98,60)
data
